# Blender v2.93.4 OBJ File: ''
# www.blender.org
mtllib Rock1.mtl
o Cube
v 0.064266 2.513965 -0.095107
v 0.321460 0.709554 -0.918486
v 0.563385 1.769293 1.692726
v 0.820579 -0.035118 0.869347
v -1.855299 2.078573 0.259438
v -1.598105 0.274162 -0.563941
v -1.356180 1.333901 2.047271
v -1.098986 -0.470510 1.223892
v -0.608248 3.588393 1.875997
v -1.132645 3.469450 1.972854
v -0.744600 3.791826 1.387588
v -1.268997 3.672884 1.484445
v -1.206984 0.761784 0.131731
v -1.193955 2.659328 -0.500058
v -1.395742 0.133969 -1.757771
v -1.382713 2.031513 -2.389560
v 0.784046 0.689847 -0.043267
v 0.797075 2.587391 -0.675056
v 0.595288 0.062032 -1.932770
v 0.608317 1.959576 -2.564559
v -0.672599 4.007834 -1.475567
v -0.769425 3.685788 -2.444813
v 0.251902 3.648887 -2.534581
v 0.348728 3.970933 -1.565335
v -0.802198 0.532562 0.676059
v -0.136214 2.400482 0.416559
v -0.476189 0.147466 -1.259250
v 0.189795 2.015386 -1.518750
v 1.055269 -0.069580 1.108772
v 1.721253 1.798339 0.849272
v 1.381278 -0.454677 -0.826536
v 2.047262 1.413243 -1.086036
v 1.595178 3.446547 -0.877834
v 1.673835 3.353634 -1.344768
v 2.121988 3.208354 -1.240367
v 2.043331 3.301267 -0.773432
vt 0.625000 0.750000
vt 0.625000 0.500000
vt 0.625000 0.500000
vt 0.625000 0.750000
vt 0.375000 0.750000
vt 0.625000 1.000000
vt 0.375000 1.000000
vt 0.375000 0.000000
vt 0.625000 0.000000
vt 0.625000 0.250000
vt 0.375000 0.250000
vt 0.125000 0.500000
vt 0.375000 0.500000
vt 0.125000 0.750000
vt 0.875000 0.500000
vt 0.875000 0.750000
vt 0.625000 0.250000
vt 0.625000 1.000000
vt 0.625000 0.000000
vt 0.375000 0.000000
vt 0.625000 0.000000
vt 0.625000 0.250000
vt 0.375000 0.250000
vt 0.625000 0.500000
vt 0.375000 0.500000
vt 0.625000 0.750000
vt 0.375000 0.750000
vt 0.625000 1.000000
vt 0.375000 1.000000
vt 0.125000 0.500000
vt 0.125000 0.750000
vt 0.625000 0.500000
vt 0.625000 0.750000
vt 0.875000 0.500000
vt 0.875000 0.750000
vt 0.625000 0.000000
vt 0.625000 0.250000
vt 0.625000 1.000000
vt 0.375000 0.000000
vt 0.625000 0.000000
vt 0.625000 0.250000
vt 0.375000 0.250000
vt 0.625000 0.500000
vt 0.375000 0.500000
vt 0.625000 0.750000
vt 0.375000 0.750000
vt 0.625000 1.000000
vt 0.375000 1.000000
vt 0.125000 0.500000
vt 0.125000 0.750000
vt 0.625000 0.750000
vt 0.625000 1.000000
vt 0.625000 0.500000
vt 0.875000 0.500000
vt 0.875000 0.750000
vt 0.625000 0.250000
vt 0.625000 0.000000
vn 0.8403 0.5421 -0.0088
vn 0.2496 -0.3723 0.8939
vn -0.9598 -0.2177 0.1773
vn 0.1286 -0.9022 -0.4117
vn 0.9598 0.2177 -0.1773
vn -0.2496 0.3723 -0.8939
vn -0.1286 0.9022 0.4117
vn -0.2779 0.6475 -0.7096
vn 0.1782 0.0156 0.9839
vn -0.9446 0.1097 0.3094
vn -0.9955 0.0360 0.0875
vn -0.0944 -0.3139 -0.9448
vn 0.9955 -0.0360 -0.0875
vn 0.0944 0.3139 0.9448
vn -0.0065 -0.9488 0.3159
vn 0.9645 0.2064 -0.1649
vn 0.0065 0.9488 -0.3159
vn -0.9377 0.3469 -0.0216
vn 0.0926 0.5598 0.8234
vn -0.0876 -0.0008 -0.9962
vn -0.9287 0.3011 -0.2164
vn 0.1630 -0.1925 -0.9677
vn 0.9287 -0.3011 0.2164
vn -0.1630 0.1925 0.9677
vn -0.3330 -0.9340 0.1298
vn 0.0750 0.7241 0.6856
vn 0.3330 0.9340 -0.1298
vn 0.1975 -0.0921 -0.9760
vn 0.9849 -0.0263 0.1711
vn -0.6315 0.7331 -0.2523
usemtl Material
s off
f 3/1/1 1/2/1 11/3/1 9/4/1
f 4/5/2 3/1/2 7/6/2 8/7/2
f 8/8/3 7/9/3 5/10/3 6/11/3
f 6/12/4 2/13/4 4/5/4 8/14/4
f 2/13/5 1/2/5 3/1/5 4/5/5
f 6/11/6 5/10/6 1/2/6 2/13/6
f 11/3/7 12/15/7 10/16/7 9/4/7
f 1/2/8 5/10/8 12/17/8 11/3/8
f 7/6/9 3/1/9 9/4/9 10/18/9
f 5/10/10 7/9/10 10/19/10 12/17/10
f 13/20/11 14/21/11 16/22/11 15/23/11
f 15/23/12 16/22/12 20/24/12 19/25/12
f 19/25/13 20/24/13 18/26/13 17/27/13
f 17/27/14 18/26/14 14/28/14 13/29/14
f 15/30/15 19/25/15 17/27/15 13/31/15
f 18/26/16 20/24/16 23/32/16 24/33/16
f 23/32/17 22/34/17 21/35/17 24/33/17
f 16/22/18 14/21/18 21/36/18 22/37/18
f 14/28/19 18/26/19 24/33/19 21/38/19
f 20/24/20 16/22/20 22/37/20 23/32/20
f 25/39/21 26/40/21 28/41/21 27/42/21
f 27/42/22 28/41/22 32/43/22 31/44/22
f 31/44/23 32/43/23 30/45/23 29/46/23
f 29/46/24 30/45/24 26/47/24 25/48/24
f 27/49/25 31/44/25 29/46/25 25/50/25
f 26/47/26 30/45/26 36/51/26 33/52/26
f 35/53/27 34/54/27 33/55/27 36/51/27
f 32/43/28 28/41/28 34/56/28 35/53/28
f 30/45/29 32/43/29 35/53/29 36/51/29
f 28/41/30 26/40/30 33/57/30 34/56/30
